$ANSIBLE_VAULT;1.1;AES256
38386363323461376164306533613434373732626464333561316362333931626630323338323637
6664373937643930666266306237333034656130306363330a353439666435656539386462306634
66356264623064346533343436363664666533326661306261353035353262313634333266396632
6333613563373963330a643266306432663734306438333236643761653035616439613132366161
63376132633330353833336261386338323332633934666466646336323763303535333662613830
34366531326262633361343332313164626634316436643930323961626439343535633131306262
39636234366637366534626165333336623736316335623131396630613433363535306566353932
36643838613233303464326535616562666464386633343231303661333834393539343531623931
62396635393233343339313366373365323930346337656665663136363533633865343561646362
64323136616433646663613736316231666631316132613932383965656461653938386331323530
30363132333434363162666336396664646531636238383434333633323261306164646332383535
64303065353436623531666161613830626330306365363436393462323536373964373032366636
34316164636632343762333236653236393939376139393464303736386663383739336336346166
6466666433613038393763333838373036646566346635623331
